0705.4676
0706.1141
0801.0287
0802.3279
0802.3346
0802.3930
0805.3559
0806.3110
0806.4077
0809.1071
0809.1193
0809.1236
0809.1819
0809.2019
0809.3754
0809.4296
0810.1961
0811.3301
0811.3463
0811.4184
0812.1239
0902.1141
0903.4901
0904.2944
0904.3036
0905.1865
0906.1500
0906.2249
0907.3552
0907.3646
0907.4246
0908.0854
0908.1581
0908.1702
0908.2015
0908.4137
0908.4502
0909.2023
0909.2189
0909.3688
0910.0290
0910.3128
0910.5384
0911.0321
0911.1729
0912.2151
0912.3365
1001.3323
1001.4891
1002.1439
1002.3371
1002.4231
1002.4235
1003.0355
1003.2877
1003.3754
1004.1566
1004.1920
1004.3880
1004.5150
1005.2261
1005.3197
1005.4183
1005.4820
1005.5723
1006.0221
1006.0333
1006.2260
1006.2313
1006.2533
1006.3396
1006.4073
1006.4195
1006.5025
1007.0198
1007.0567
1007.0743
1007.0825
1007.1747
1007.1760
1007.2460
1007.2594
1007.5134
1008.1382
1008.2082
1008.2748
1008.3655
1008.4351
1008.4458
1008.5267
1009.2230
1009.4164
1009.5788
1010.0392
1010.0548
1010.1269
1010.1271
1010.1272
1010.3327
1010.3890
1010.4129
1010.4239
1010.4937
1010.5049
1011.0624
1011.0736
1011.1642
1011.3727
1011.4617
1011.4721
1011.5476
1011.5724
1011.6564
1012.0504
1012.1454
1012.1677
1012.1989
1012.2191
1012.3645
1012.3722
1012.4883
1012.5601
1012.5671
1012.5862
1101.0627
1101.0837
1101.1015
1101.1060
1101.1195
1101.2197
1101.3136
1101.4096
1101.4116
1101.4263
1101.4458
1101.4677
1101.4809
1101.4851
1101.5814
1101.5831
1101.5876
1102.0345
1102.0791
1102.1197
1102.1381
1102.2067
1102.2689
1102.3439
1102.3997
1102.5649
1103.0811
1103.1610
1103.2029
1103.2613
1103.3249
1103.3265
1103.3298
1103.3305
1103.3761
1103.4001
1103.4590
1103.4624
1103.4642
1103.4793
1103.4967
1103.5239
1103.5826
1103.5980
1104.0093
1104.0300
1104.0369
1104.0445
1104.0762
1104.1680
1104.2094
1104.2798
1104.3094
1104.3102
1104.3350
1104.3781
1104.4082
1104.4126
1104.4366
1104.4445
1104.4485
1104.5078
1104.5407
1104.5426
1104.5598
1105.0486
1105.0523
1105.0961
1105.1003
1105.1657
1105.1674
1105.2078
1105.2376
1105.2607
1105.2637
1105.3340
1105.3618
1105.3693
1105.4027
1105.4136
1105.4149
1105.4454
1105.4826
1105.5830
1105.6268
1105.6283
1105.6353
1106.0007
1106.0198
1106.0202
1106.0261
1106.0274
1106.0321
1106.0416
1106.0515
1106.0831
1106.0866
1106.1352
1106.1560
1106.1968
1106.2131
1106.2181
1106.3025
1106.3632
1106.3762
1106.3897
1106.4724
1106.4887
1106.5340
1106.5604
1106.6123
1106.6291
1107.0129
1107.0228
1107.0243
1107.0263
1107.0273
1107.0336
1107.0344
1107.0727
1107.0742
1107.0961
1107.1055
1107.1279
1107.1340
1107.1640
1107.1711
1107.1986
1107.2078
1107.2178
1107.2281
1107.2385
1107.2387
1107.2557
1107.2809
1107.3283
1107.3288
1107.3290
1107.3426
1107.3542
1107.3738
1107.3836
1107.3889
1107.4123
1107.4353
1107.4377
1107.4517
1107.4626
1107.4665
1107.5169
1107.5211
1107.5377
1107.5430
1107.5495
1107.5789
1108.0067
1108.0187
1108.0264
1108.0367
1108.0594
1108.0938
1108.1035
1108.1340
1108.1773
1108.1824
1108.1961
1108.1995
1108.2060
1108.2342
1108.2502
1108.2642
1108.2898
1108.2899
1108.2969
1108.3456
1108.3591
1108.4062
1108.4116
1108.4270
1108.4344
1108.4475
1108.4741
1108.4854
1108.5054
1108.5246
1108.5458
1108.5693
1108.5743
1108.5909
1108.5916
1108.6197
1108.6296
1109.0018
1109.0136
1109.0285
1109.0407
1109.0421
1109.0433
1109.0541
1109.0593
1109.0605
1109.1339
1109.1340
1109.1527
1109.1919
1109.2036
1109.2094
1109.2110
1109.2255
1109.2455
1109.2841
1109.2982
1109.3363
1109.3392
1109.3396
1109.3513
1109.3647
1109.3864
1109.3884
1109.3946
1109.4014
1109.4382
1109.4416
1109.4432
1109.4899
1109.4915
1109.4977
1109.4980
1109.5177
1109.5219
1109.6025
1109.6162
1109.6273
1109.6305
1109.6567
1109.6677
1110.0070
1110.0397
1110.0604
1110.0844
1110.1197
1110.1406
1110.1664
1110.1794
1110.1818
1110.2044
1110.2060
1110.2206
1110.2223
1110.2335
1110.2388
1110.2530
1110.2578
1110.2609
1110.2658
1110.2663
1110.3072
1110.3118
1110.3121
1110.3318
1110.3326
1110.3705
1110.3777
1110.3957
1110.4286
1110.4522
1110.4633
1110.4690
1110.4783
1110.4840
1110.4985
1110.5075
1110.5078
1110.5083
1110.5255
1110.5351
1110.5444
1110.5479
1110.5619
1110.5621
1110.5712
1110.5745
1110.6005
1110.6068
1110.6072
1110.6164
1110.6191
1110.6210
1110.6562
1110.6769
1110.6925
1111.0034
1111.0153
1111.0176
1111.0339
1111.0402
1111.0558
1111.0657
1111.0701
1111.0717
1111.0742
1111.0788
1111.0800
1111.0878
1111.0883
1111.0956
1111.1017
1111.1050
1111.1176
1111.1312
1111.1527
1111.1685
1111.1705
1111.1760
1111.2023
1111.2058
1111.2146
1111.2313
1111.2341
1111.2454
1111.2463
1111.2922
1111.3138
1111.3435
1111.3642
1111.3679
1111.3749
1111.3783
1111.3928
1111.4357
1111.4609
1111.4847
1111.4958
1111.4984
1111.4997
1111.5363
1111.5369
1111.5742
1111.5949
1111.6180
1111.6213
1111.6342
1111.6351
1111.6384
1111.6542
1111.6638
1111.6697
1111.6804
1111.6837
1111.6859
1111.6913
1111.6951
1111.7056
1111.7096
1111.7195
1112.0443
1112.0507
1112.0527
1112.0693
1112.0708
1112.0810
1112.0891
1112.1042
1112.1299
1112.1428
1112.1432
1112.1451
1112.1515
1112.1558
1112.1600
1112.1766
1112.1819
1112.1843
1112.2327
1112.2381
1112.2446
1112.2459
1112.2607
1112.2681
1112.2741
1112.2958
1112.3007
1112.3034
1112.3123
1112.3161
1112.3338
1112.3369
1112.3458
1112.3596
1112.3699
1112.3979
1112.3985
1112.4490
1112.4714
1112.5004
1112.5421
1112.5505
1112.5571
1112.5614
1112.5738
1112.5744
1112.5871
1112.6005
1112.6016
1112.6125
1112.6149
1112.6232
1112.6257
1112.6390
1201.0064
1201.0105
1201.0245
1201.0318
1201.0331
1201.0356
1201.0422
1201.0435
1201.0506
1201.0546
1201.0654
1201.0656
1201.0683
1201.0724
1201.0809
1201.0831
1201.1072
1201.1148
1201.1308
1201.1316
1201.1328
1201.1424
1201.1527
1201.1540
1201.1573
1201.1575
1201.1655
1201.1689
1201.1819
1201.1845
1201.1943
1201.1945
1201.1989
1201.2033
1201.2036
1201.2041
1201.2076
1201.2111
1201.2141
1201.2166
1201.2192
1201.2200
1201.2341
1201.2365
1201.2369
1201.2380
1201.2400
1201.2403
1201.2421
1201.2423
1201.2433
1201.2479
1201.2543
1201.2553
1201.2568
1201.2579
1201.2620
1201.2631
1201.2638
1201.2641
1201.2642
1201.2643
1201.2644
1201.2657
1201.2663
1201.2674
1201.2675
1201.2677
1201.2678
1201.2679
1201.2680
1201.2681
1201.2682
1201.2683
1201.2684
1201.2685
1201.2686
1201.2687
1201.2688
1201.2689
1201.2690
1201.2691
1201.2692
1201.2693
1201.2694
1201.2695
1201.2696
1201.2697
1201.2698
1201.2699
1201.2700
1201.2701
1201.2702
1201.2703
1201.2704
1201.2705
1201.2706
1201.2707
1201.2708
1201.2709
1201.2710
1201.2711
1201.2712
1201.2713
1201.2714
1201.2715
1201.2716
1201.2717
1201.2718
1201.2719
1201.2720
1201.2721
1201.2722
1201.2723
1201.2724
1201.2725
1201.2726
1201.2727
1201.2728
1201.2729
1201.2730
1201.2731
1201.2732
1201.2733
1201.2734
1201.2735
1201.2736
1201.2737
1201.2738
1201.2739
1201.2740
1201.2741
1201.2742
1201.2743
1201.2744
1201.2745
1201.2746
1201.2747
1201.2748
1201.2749
1201.2750
1201.2751
1201.2752
1201.2753
1201.2754
1201.2755
1201.2756
1201.2757
1201.2758
1201.2759
1201.2760
1201.2761
1201.2762
1201.2763
1201.2764
1201.2765
1201.2766
1201.2767
1201.2768
1201.2769
1201.2770
1201.2771
1201.2772
1201.2773
1201.2774
1201.2775
1201.2776
1201.2777
1201.2778
1201.2779
1201.2780
1201.2781
1201.2782
1201.2783
1201.2784
1201.2785
1201.2786
1201.2787
1201.2788
1201.2789
1201.2790
1201.2791
1201.2792
1201.2793
1201.2794
1201.2795
1201.2796
1201.2797
1201.2798
1201.2799
1201.2800
1201.2801
1201.2802
1201.2803
1201.2804
1201.2805
1201.2806
1201.2807
1201.2808
1201.2809
1201.2810
1201.2811
1201.2812
1201.2813
1201.2814
1201.2815
1201.2816
1201.2817
1201.2818
1201.2819
1201.2820
1201.2821
1201.2822
1201.2823
1201.2824
1201.2825
1201.2826
1201.2827
1201.2828
1201.2829
1201.2830
1201.2831
1201.2832
1201.2833
1201.2834
1201.2835
1201.2836
1201.2837
1201.2838
1201.2839
1201.2840
1201.2841
1201.2842
1201.2843
1201.2844
1201.2845
1201.2846
1201.2847
1201.2848
1201.2849
1201.2850
1201.2851
1201.2852
1201.2853
1201.2854
1201.2855
1201.2856
1201.2857
1201.2858
1201.2859
1201.2860
1201.2861
1201.2862
1201.2863
1201.2864
1201.2865
1201.2866
1201.2867
1201.2868
1201.2869
1201.2870
1201.2871
1201.2872
1201.2873
1201.2874
1201.2875
1201.2876
1201.2877
1201.2878
1201.2879
1201.2880
1201.2881
1201.2882
1201.2883
1201.2884
1201.2885
1201.2886
1201.2887
1201.2888
1201.2889
1201.2890
1201.2891
1201.2892
1201.2893
1201.2894
1201.2895
1201.2896
1201.2897
1201.2898
1201.2899
1201.2900
1201.2901
1201.2902
1201.2903
1201.2904
1201.2905
1201.2906
1201.2907
1201.2908
1201.2909
1201.2910
1201.2911
1201.2912
1201.2913
1201.2914
1201.2915
1201.2916
1201.2917
1201.2918
1201.2919
1201.2920
1201.2921
1201.2922
1201.2923
1201.2924
1201.2925
1201.2926
1201.2927
1201.2928
1201.2929
1201.2930
1201.2931
1201.2932
1201.2933
1201.2934
1201.2935
1201.2936
1201.2937
1201.2938
1201.2939
1201.2940
1201.2941
1201.2942
1201.2943
1201.2944
1201.2945
1201.2946
1201.2947
1201.2948
1201.2949
1201.2950
1201.2951
1201.2952
1201.2953
1201.2954
1201.2955
1201.2956
1201.2957
1201.2958
1201.2959
1201.2960
1201.2961
1201.2962
1201.2963
1201.2964
1201.2965
1201.2966
1201.2967
1201.2968
1201.2969
1201.2970
1201.2971
1201.2972
1201.2973
1201.2974
1201.2975
1201.2976
1201.2977
1201.2978
1201.2979
1201.2980
1201.2981
1201.2982
1201.2983
1201.2984
1201.2985
1201.2986
1201.2987
1201.2988
1201.2989
1201.2990
1201.2991
1201.2992
1201.2993
1201.2994
1201.2995
1201.2996
1201.2997
1201.2998
1201.2999
1201.3000
1201.3001
1201.3002
1201.3003
1201.3004
1201.3005
1201.3006
1201.3007
1201.3008
1201.3009
1201.3010
1201.3011
1201.3012
1201.3013
1201.3014
1201.3015
1201.3016
1201.3017
1201.3018
1201.3019
1201.3020
1201.3021
1201.3022
1201.3023
1201.3024
1201.3025
1201.3026
1201.3027
1201.3028
1201.3029
1201.3030
1201.3031
1201.3032
1201.3033
1201.3034
1201.3035
1201.3036
1201.3037
1201.3038
1201.3039
1201.3040
1201.3041
1201.3042
1201.3043
1201.3044
1201.3045
1201.3046
1201.3047
1201.3048
1201.3049
1201.3050
1201.3051
1201.3052
1201.3053
1201.3054
1201.3055
1201.3056
1201.3057
1201.3058
1201.3059
1201.3060
1201.3061
1201.3062
1201.3063
1201.3064
1201.3065
1201.3066
1201.3067
1201.3068
1201.3069
1201.3070
1201.3071
1201.3072
1201.3073
1201.3074
1201.3075
1201.3076
1201.3077
1201.3078
1201.3079
1201.3080
1201.3081
1201.3082
1201.3083
1201.3084
1201.3085
1201.3086
1201.3087
1201.3088
1201.3089
1201.3090
1201.3091
1201.3092
1201.3093
1201.3094
1201.3095
1201.3096
1201.3097
1201.3098
1201.3099
1201.3100
1201.3101
1201.3102
1201.3103
1201.3104
1201.3105
1201.3106
1201.3107
1201.3108
1201.3109
1201.3110
1201.3111
1201.3112
1201.3113
1201.3114
1201.3115
1201.3116
1201.3117
1201.3118
1201.3119
1201.3120
1201.3121
1201.3122
1201.3123
1201.3124
1201.3125
1201.3126
1201.3127
1201.3128
1201.3129
1201.3130
1201.3131
1201.3132
1201.3133
1201.3134
1201.3135
1201.3136
1201.3137
1201.3138
1201.3139
1201.3140
1201.3141
1201.3142
1201.3143
1201.3144
1201.3145
1201.3146
1201.3147
1201.3148
1201.3149
1201.3150
1201.3151
1201.3152
1201.3153
1201.3154
1201.3155
1201.3156
1201.3157
1201.3158
1201.3159
1201.3160
1201.3161
1201.3162
1201.3163
1201.3164
1201.3165
1201.3166
1201.3167
1201.3168
1201.3169
1201.3170
1201.3171
1201.3172
1201.3173
1201.3174
1201.3175
1201.3176
1201.3177
1201.3178
1201.3179
1201.3180
1201.3181
1201.3182
1201.3183
1201.3184
1201.3185
1201.3186
1201.3187
1201.3188
1201.3189
1201.3190
1201.3191
1201.3192
1201.3193
1201.3194
1201.3195
1201.3196
1201.3197
1201.3198
1201.3199
1201.3200
1201.3201
1201.3202
1201.3203
1201.3204
1201.3205
1201.3206
1201.3207
1201.3208
1201.3209
1201.3210
1201.3211
1201.3212
1201.3213
1201.3214
1201.3215
1201.3216
1201.3217
1201.3218
1201.3219
1201.3220
1201.3221
1201.3222
1201.3223
1201.3224
1201.3225
1201.3226
1201.3227
1201.3228
1201.3229
1201.3230
1201.3231
1201.3232
1201.3233
1201.3234
1201.3235
1201.3236
1201.3237
1201.3238
1201.3239
1201.3240
1201.3241
1201.3242
1201.3243
1201.3244
1201.3245
1201.3246
1201.3247
1201.3248
1201.3249
1201.3250
1201.3251
1201.3252
1201.3253
1201.3254
1201.3255
1201.3256
1201.3257
1201.3258
1201.3259
1201.3260
1201.3261
1201.3262
1201.3263
1201.3264
1201.3265
1201.3266
1201.3267
1201.3268
1201.3269
1201.3270
1201.3271
1201.3272
1201.3273
1201.3274
1201.3275
1201.3276
1201.3277
1201.3278
1201.3279
1201.3280
1201.3281
1201.3282
1201.3283
1201.3284
1201.3285
1201.3286
1201.3287
1201.3288
1201.3289
1201.3290
1201.3291
1201.3292
1201.3293
1201.3294
1201.3295
1201.3296
1201.3297
1201.3298
1201.3299
1201.3300
1201.3301
1201.3302
1201.3303
1201.3304
1201.3305
1201.3306
1201.3307
1201.3308
1201.3309
1201.3310
1201.3311
1201.3312
1201.3313
1201.3314
1201.3315
1201.3316
1201.3317
1201.3318
1201.3319
1201.3320
1201.3321
1201.3322
1201.3323
1201.3324
1201.3325
1201.3326
1201.3327
1201.3328
1201.3329
1201.3330
1201.3331
1201.3332
1201.3333
1201.3334
1201.3335
1201.3336
1201.3337
1201.3338
1201.3339
1201.3340
1201.3341
1201.3342
1201.3343
1201.3344
1201.3345
1201.3346
1201.3347
1201.3348
1201.3349
1201.3350
1201.3351
1201.3352
1201.3353
1201.3354
1201.3355
1201.3356
1201.3357
cs/0305035
cs/0610046
cs/0610128
cs/0611082
cs/0702143
gr-qc/0612011
hep-ph/0212035
hep-th/0212035
hep-th/9404002
math-ph/0210044
math-ph/0304014
math-ph/0404056
math/0405303
math/0408384
math/0506460
math/0605734
math/0607011
math/9201289
math/9201290
quant-ph/9806067
